20
640834505 28785
3 9 1 999946125
1000000000 100000
99999 1 99999 100000
131 74
1 9 10 78736
22 21
1 4 869 22
1000000000 1
12 7 74 12
840698758 13331
8 7 10 999955808
97 39
34 37 656 97
186 75
68 16 539 186
693840425 90561
2 6 7 999957328
497151700 96511
9 7 6 999919625
112 73
1 5 3 64100
977365070 59489
8 5 9 999966210
232959116 56689
4 9 1 999903057
46 18
7 11 9 46
218492221 46085
3 7 1 999969453
28 21
6 5 1 85919
164 96
76 2 193 164
1000000000 100000
1 1 0 2
59 26
14 19 681 59
1000000000 100000
999999999 1 999999999 1000000000
