20
1000000000 100000
99999 1 99999 100000
78 51
3 5 5 51230
131 74
1 9 10 78736
1000000000 100000
100000 1 0 1000000000
1000000000 1
12 7 74 12
177 73
7 7 5 56401
977365070 59489
8 5 9 999966210
186 75
68 16 539 186
254 99
1 8 9 74990
640834505 28785
3 9 1 999946125
1000000000 100000
1 1 1 1000000000
22 21
1 4 869 22
1000000000 100000
1 1 0 2
82 81
58 56 739 82
164 96
76 2 193 164
497151700 96511
9 7 6 999919625
693840425 90561
2 6 7 999957328
1000000000 100000
999999999 1 999999999 1000000000
28 21
6 5 1 85919
112 73
1 5 3 64100
